booth
Refining placement...
Size: 80
Size (inner): 80
 X: 0000 0001 0002 0003 0004 0005 0006 0007 0008 0009 0010 0011 0012 0013 0014 0015 0016 0017 0018 0019 0020 0021 0022 0023 0024 0025 0026 0027 0028 0029 0030 0031 0032 0033 0034 0035 0036 0037 0038 0039 0040 0041 0042 0043 0044 0045 0046 0047 0048 0049 0050 0051 0052 0053 0054 0055 0056 0057 0058 0059 0060 0061 0062 0063 0064 0065 0066 0067 0068 0069 0070 0071 0072 0073 0074 0075 0076 0077 0078 0079 
79: 1111 1111 1111 1111 1111 1111 1111 1111 1111 1111 1111 1111 1111 1111 1111 1111 1111 1111 1111 1111 0000 0000 0000 0000 0000 0000 0000 0000 0000 0000 0000 0000 0000 0000 0000 0000 0000 0000 0000 0000 0000 0000 0000 0000 0000 0000 0000 0000 0000 0000 0000 0000 0000 0000 0000 0000 0000 0000 0000 0000 0000 0000 0000 0000 0000 0000 0000 0000 0000 0000 0000 0000 0000 0000 0000 0000 0000 0000 0000 0000 
78: 1111 0000 0000 0000 1111 1111 0000 0000 0000 1111 1111 0000 0000 0000 1111 1111 0000 0000 0000 1111 0000 0000 0000 0000 0000 0000 0000 0000 0000 0000 0000 0000 0000 0000 0000 0000 0000 0000 0000 0000 0000 0000 0000 0000 0000 0000 0000 0000 0000 0000 0000 0000 0000 0000 0000 0000 0000 0000 0000 0000 0000 0000 0000 0000 0000 0000 0000 0000 0000 0000 0000 0000 0000 0000 0000 0000 0000 0000 0000 0000 
77: 1111 0000 0004 0000 1111 1111 0000 0004 0000 1111 1111 0000 0004 0000 1111 1111 0000 0004 0000 1111 0000 0000 0000 0000 0000 0000 0000 0000 0000 0000 0000 0000 0000 0000 0000 0000 0000 0000 0000 0000 0000 0000 0000 0000 0000 0000 0000 0000 0000 0000 0000 0000 0000 0000 0000 0000 0000 0000 0000 0000 0000 0000 0000 0000 0000 0000 0000 0000 0000 0000 0000 0000 0000 0000 0000 0000 0000 0000 0000 0000 
76: 1111 0000 0000 0000 1111 1111 0000 0000 0000 1111 1111 0000 0000 0000 1111 1111 0000 0000 0000 1111 0000 0000 0000 0000 0000 0000 0000 0000 0000 0000 0000 0000 0000 0000 0000 0000 0000 0000 0000 0000 0000 0000 0000 0000 0000 0000 0000 0000 0000 0000 0000 0000 0000 0000 0000 0000 0000 0000 0000 0000 0000 0000 0000 0000 0000 0000 0000 0000 0000 0000 0000 0000 0000 0000 0000 0000 0000 0000 0000 0000 
75: 1111 1111 1111 1111 1111 1111 1111 1111 1111 1111 1111 1111 1111 1111 1111 1111 1111 1111 1111 1111 0000 0000 0000 0000 0000 0000 0000 0000 0000 0000 0000 0000 0000 0000 0000 0000 0000 0000 0000 0000 0000 0000 0000 0000 0000 0000 0000 0000 0000 0000 0000 0000 0000 0000 0000 0000 0000 0000 0000 0000 0000 0000 0000 0000 0000 0000 0000 0000 0000 0000 0000 0000 0000 0000 0000 0000 0000 0000 0000 0000 
74: 1111 1111 1111 1111 1111 1111 1111 1111 1111 1111 1111 1111 1111 1111 1111 1111 1111 1111 1111 1111 1111 1111 1111 1111 1111 1111 1111 1111 1111 1111 1111 1111 1111 1111 1111 1111 1111 1111 1111 1111 1111 1111 1111 1111 1111 1111 1111 1111 1111 1111 1111 1111 1111 1111 1111 1111 1111 1111 1111 1111 1111 1111 1111 1111 1111 1111 1111 1111 1111 1111 1111 1111 1111 1111 1111 1111 1111 1111 1111 1111 
73: 1111 0000 0000 0000 1111 1111 0000 0000 0000 1111 1111 0000 0000 0000 1111 1111 0000 0000 0000 1111 1111 0000 0000 0000 1111 1111 0000 0000 0000 1111 1111 0000 0000 0000 1111 1111 0000 0000 0000 1111 1111 0000 0000 0000 1111 1111 0000 0000 0000 1111 1111 0000 0000 0000 1111 1111 0000 0000 0000 1111 1111 0000 0000 0000 1111 1111 0000 0000 0000 1111 1111 0000 0000 0000 1111 1111 0000 0000 0000 1111 
72: 1111 0000 0004 0000 1111 1111 0000 0004 0000 1111 1111 0000 0004 0000 1111 1111 0000 0004 0000 1111 1111 0000 0004 0000 1111 1111 0000 0004 0000 1111 1111 0000 0004 0000 1111 1111 0000 0004 0000 1111 1111 0000 0004 0000 1111 1111 0000 0004 0000 1111 1111 0000 0004 0000 1111 1111 0000 0004 0000 1111 1111 0000 0004 0000 1111 1111 0000 0004 0000 1111 1111 0000 0004 0000 1111 1111 0000 0004 0000 1111 
71: 1111 0000 0000 0000 1111 1111 0000 0000 0000 1111 1111 0000 0000 0000 1111 1111 0000 0000 0000 1111 1111 0000 0000 0000 1111 1111 0000 0000 0000 1111 1111 0000 0000 0000 1111 1111 0000 0000 0000 1111 1111 0000 0000 0000 1111 1111 0000 0000 0000 1111 1111 0000 0000 0000 1111 1111 0000 0000 0000 1111 1111 0000 0000 0000 1111 1111 0000 0000 0000 1111 1111 0000 0000 0000 1111 1111 0000 0000 0000 1111 
70: 1111 1111 1111 1111 1111 1111 1111 1111 1111 1111 1111 1111 1111 1111 1111 1111 1111 1111 1111 1111 1111 1111 1111 1111 1111 1111 1111 1111 1111 1111 1111 1111 1111 1111 1111 1111 1111 1111 1111 1111 1111 1111 1111 1111 1111 1111 1111 1111 1111 1111 1111 1111 1111 1111 1111 1111 1111 1111 1111 1111 1111 1111 1111 1111 1111 1111 1111 1111 1111 1111 1111 1111 1111 1111 1111 1111 1111 1111 1111 1111 
69: 1111 1111 1111 1111 1111 1111 1111 1111 1111 1111 1111 1111 1111 1111 1111 1111 1111 1111 1111 1111 1111 1111 1111 1111 1111 1111 1111 1111 1111 1111 1111 1111 1111 1111 1111 1111 1111 1111 1111 1111 1111 1111 1111 1111 1111 1111 1111 1111 1111 1111 1111 1111 1111 1111 1111 1111 1111 1111 1111 1111 1111 1111 1111 1111 1111 1111 1111 1111 1111 1111 1111 1111 1111 1111 1111 1111 1111 1111 1111 1111 
68: 1111 0000 0000 0000 1111 1111 0000 0000 0000 1111 1111 0000 0000 0000 1111 1111 0000 0000 0000 1111 1111 0000 0000 0000 1111 1111 0000 0000 0000 1111 1111 0000 0000 0000 1111 1111 0000 0000 0000 1111 1111 0000 0000 0000 1111 1111 0000 0000 0000 1111 1111 0000 0000 0000 1111 1111 0000 0000 0000 1111 1111 0000 0000 0000 1111 1111 0000 0000 0000 1111 1111 0000 0000 0000 1111 1111 0000 0000 0000 1111 
67: 1111 0000 0001 0000 1111 1111 0000 0002 0000 1111 1111 0000 0002 0000 1111 1111 0000 0002 0000 1111 1111 0000 0001 0000 1111 1111 0000 0002 0000 1111 1111 0000 0002 0000 1111 1111 0000 0002 0000 1111 1111 0000 0002 0000 1111 1111 0000 0002 0000 1111 1111 0000 0002 0000 1111 1111 0000 0001 0000 1111 1111 0000 0003 0000 1111 1111 0000 0003 0000 1111 1111 0000 0005 0000 1111 1111 0000 0004 0000 1111 
66: 1111 0000 0000 0000 1111 1111 0000 0000 0000 1111 1111 0000 0000 0000 1111 1111 0000 0000 0000 1111 1111 0000 0000 0000 1111 1111 0000 0000 0000 1111 1111 0000 0000 0000 1111 1111 0000 0000 0000 1111 1111 0000 0000 0000 1111 1111 0000 0000 0000 1111 1111 0000 0000 0000 1111 1111 0000 0000 0000 1111 1111 0000 0000 0000 1111 1111 0000 0000 0000 1111 1111 0000 0000 0000 1111 1111 0000 0000 0000 1111 
65: 1111 1111 1111 1111 1111 1111 1111 1111 1111 1111 1111 1111 1111 1111 1111 1111 1111 1111 1111 1111 1111 1111 1111 1111 1111 1111 1111 1111 1111 1111 1111 1111 1111 1111 1111 1111 1111 1111 1111 1111 1111 1111 1111 1111 1111 1111 1111 1111 1111 1111 1111 1111 1111 1111 1111 1111 1111 1111 1111 1111 1111 1111 1111 1111 1111 1111 1111 1111 1111 1111 1111 1111 1111 1111 1111 1111 1111 1111 1111 1111 
64: 1111 1111 1111 1111 1111 1111 1111 1111 1111 1111 1111 1111 1111 1111 1111 1111 1111 1111 1111 1111 1111 1111 1111 1111 1111 1111 1111 1111 1111 1111 1111 1111 1111 1111 1111 1111 1111 1111 1111 1111 1111 1111 1111 1111 1111 1111 1111 1111 1111 1111 1111 1111 1111 1111 1111 1111 1111 1111 1111 1111 1111 1111 1111 1111 1111 1111 1111 1111 1111 1111 1111 1111 1111 1111 1111 1111 1111 1111 1111 1111 
63: 1111 0000 0000 0000 1111 1111 0000 0000 0000 1111 1111 0000 0000 0000 1111 1111 0000 0000 0000 1111 1111 0000 0000 0000 1111 1111 0000 0000 0000 1111 1111 0000 0000 0000 1111 1111 0000 0000 0000 1111 1111 0000 0000 0000 1111 1111 0000 0000 0000 1111 1111 0000 0000 0000 1111 1111 0000 0000 0000 1111 1111 0000 0000 0000 1111 1111 0000 0000 0000 1111 1111 0000 0000 0000 1111 1111 0000 0000 0000 1111 
62: 1111 0000 0003 0000 1111 1111 0000 0003 0000 1111 1111 0000 0002 0000 1111 1111 0000 0001 0000 1111 1111 0000 0003 0000 1111 1111 0000 0001 0000 1111 1111 0000 0002 0000 1111 1111 0000 0002 0000 1111 1111 0000 0001 0000 1111 1111 0000 0002 0000 1111 1111 0000 0002 0000 1111 1111 0000 0002 0000 1111 1111 0000 0001 0000 1111 1111 0000 0002 0000 1111 1111 0000 0002 0000 1111 1111 0000 0002 0000 1111 
61: 1111 0000 0000 0000 1111 1111 0000 0000 0000 1111 1111 0000 0000 0000 1111 1111 0000 0000 0000 1111 1111 0000 0000 0000 1111 1111 0000 0000 0000 1111 1111 0000 0000 0000 1111 1111 0000 0000 0000 1111 1111 0000 0000 0000 1111 1111 0000 0000 0000 1111 1111 0000 0000 0000 1111 1111 0000 0000 0000 1111 1111 0000 0000 0000 1111 1111 0000 0000 0000 1111 1111 0000 0000 0000 1111 1111 0000 0000 0000 1111 
60: 1111 1111 1111 1111 1111 1111 1111 1111 1111 1111 1111 1111 1111 1111 1111 1111 1111 1111 1111 1111 1111 1111 1111 1111 1111 1111 1111 1111 1111 1111 1111 1111 1111 1111 1111 1111 1111 1111 1111 1111 1111 1111 1111 1111 1111 1111 1111 1111 1111 1111 1111 1111 1111 1111 1111 1111 1111 1111 1111 1111 1111 1111 1111 1111 1111 1111 1111 1111 1111 1111 1111 1111 1111 1111 1111 1111 1111 1111 1111 1111 
59: 1111 1111 1111 1111 1111 1111 1111 1111 1111 1111 1111 1111 1111 1111 1111 1111 1111 1111 1111 1111 1111 1111 1111 1111 1111 1111 1111 1111 1111 1111 1111 1111 1111 1111 1111 1111 1111 1111 1111 1111 1111 1111 1111 1111 1111 1111 1111 1111 1111 1111 1111 1111 1111 1111 1111 1111 1111 1111 1111 1111 1111 1111 1111 1111 1111 1111 1111 1111 1111 1111 1111 1111 1111 1111 1111 1111 1111 1111 1111 1111 
58: 1111 0000 0000 0000 1111 1111 0000 0000 0000 1111 1111 0000 0000 0000 1111 1111 0000 0000 0000 1111 1111 0000 0000 0000 1111 1111 0000 0000 0000 1111 1111 0000 0000 0000 1111 1111 0000 0000 0000 1111 1111 0000 0000 0000 1111 1111 0000 0000 0000 1111 1111 0000 0000 0000 1111 1111 0000 0000 0000 1111 1111 0000 0000 0000 1111 1111 0000 0000 0000 1111 1111 0000 0000 0000 1111 1111 0000 0000 0000 1111 
57: 1111 0000 0003 0000 1111 1111 0000 0003 0000 1111 1111 0000 0003 0000 1111 1111 0000 0003 0000 1111 1111 0000 0003 0000 1111 1111 0000 0003 0000 1111 1111 0000 0003 0000 1111 1111 0000 0003 0000 1111 1111 0000 0003 0000 1111 1111 0000 0003 0000 1111 1111 0000 0003 0000 1111 1111 0000 0003 0000 1111 1111 0000 0003 0000 1111 1111 0000 0003 0000 1111 1111 0000 0003 0000 1111 1111 0000 0003 0000 1111 
56: 1111 0000 0000 0000 1111 1111 0000 0000 0000 1111 1111 0000 0000 0000 1111 1111 0000 0000 0000 1111 1111 0000 0000 0000 1111 1111 0000 0000 0000 1111 1111 0000 0000 0000 1111 1111 0000 0000 0000 1111 1111 0000 0000 0000 1111 1111 0000 0000 0000 1111 1111 0000 0000 0000 1111 1111 0000 0000 0000 1111 1111 0000 0000 0000 1111 1111 0000 0000 0000 1111 1111 0000 0000 0000 1111 1111 0000 0000 0000 1111 
55: 1111 1111 1111 1111 1111 1111 1111 1111 1111 1111 1111 1111 1111 1111 1111 1111 1111 1111 1111 1111 1111 1111 1111 1111 1111 1111 1111 1111 1111 1111 1111 1111 1111 1111 1111 1111 1111 1111 1111 1111 1111 1111 1111 1111 1111 1111 1111 1111 1111 1111 1111 1111 1111 1111 1111 1111 1111 1111 1111 1111 1111 1111 1111 1111 1111 1111 1111 1111 1111 1111 1111 1111 1111 1111 1111 1111 1111 1111 1111 1111 
54: 1111 1111 1111 1111 1111 1111 1111 1111 1111 1111 1111 1111 1111 1111 1111 1111 1111 1111 1111 1111 1111 1111 1111 1111 1111 1111 1111 1111 1111 1111 1111 1111 1111 1111 1111 1111 1111 1111 1111 1111 1111 1111 1111 1111 1111 1111 1111 1111 1111 1111 1111 1111 1111 1111 1111 1111 1111 1111 1111 1111 1111 1111 1111 1111 1111 1111 1111 1111 1111 1111 1111 1111 1111 1111 1111 1111 1111 1111 1111 1111 
53: 1111 0000 0000 0000 1111 1111 0000 0000 0000 1111 1111 0000 0000 0000 1111 1111 0000 0000 0000 1111 1111 0000 0000 0000 1111 1111 0000 0000 0000 1111 1111 0000 0000 0000 1111 1111 0000 0000 0000 1111 1111 0000 0000 0000 1111 1111 0000 0000 0000 1111 1111 0000 0000 0000 1111 1111 0000 0000 0000 1111 1111 0000 0000 0000 1111 1111 0000 0000 0000 1111 1111 0000 0000 0000 1111 1111 0000 0000 0000 1111 
52: 1111 0000 0003 0000 1111 1111 0000 0003 0000 1111 1111 0000 0003 0000 1111 1111 0000 0003 0000 1111 1111 0000 0003 0000 1111 1111 0000 0003 0000 1111 1111 0000 0003 0000 1111 1111 0000 0001 0000 1111 1111 0000 0002 0000 1111 1111 0000 0003 0000 1111 1111 0000 0003 0000 1111 1111 0000 0003 0000 1111 1111 0000 0003 0000 1111 1111 0000 0003 0000 1111 1111 0000 0003 0000 1111 1111 0000 0003 0000 1111 
51: 1111 0000 0000 0000 1111 1111 0000 0000 0000 1111 1111 0000 0000 0000 1111 1111 0000 0000 0000 1111 1111 0000 0000 0000 1111 1111 0000 0000 0000 1111 1111 0000 0000 0000 1111 1111 0000 0000 0000 1111 1111 0000 0000 0000 1111 1111 0000 0000 0000 1111 1111 0000 0000 0000 1111 1111 0000 0000 0000 1111 1111 0000 0000 0000 1111 1111 0000 0000 0000 1111 1111 0000 0000 0000 1111 1111 0000 0000 0000 1111 
50: 1111 1111 1111 1111 1111 1111 1111 1111 1111 1111 1111 1111 1111 1111 1111 1111 1111 1111 1111 1111 1111 1111 1111 1111 1111 1111 1111 1111 1111 1111 1111 1111 1111 1111 1111 1111 1111 1111 1111 1111 1111 1111 1111 1111 1111 1111 1111 1111 1111 1111 1111 1111 1111 1111 1111 1111 1111 1111 1111 1111 1111 1111 1111 1111 1111 1111 1111 1111 1111 1111 1111 1111 1111 1111 1111 1111 1111 1111 1111 1111 
49: 1111 1111 1111 1111 1111 1111 1111 1111 1111 1111 1111 1111 1111 1111 1111 1111 1111 1111 1111 1111 1111 1111 1111 1111 1111 1111 1111 1111 1111 1111 1111 1111 1111 1111 1111 1111 1111 1111 1111 1111 1111 1111 1111 1111 1111 1111 1111 1111 1111 1111 1111 1111 1111 1111 1111 1111 1111 1111 1111 1111 1111 1111 1111 1111 1111 1111 1111 1111 1111 1111 1111 1111 1111 1111 1111 1111 1111 1111 1111 1111 
48: 1111 0000 0000 0000 1111 1111 0000 0000 0000 1111 1111 0000 0000 0000 1111 1111 0000 0000 0000 1111 1111 0000 0000 0000 1111 1111 0000 0000 0000 1111 1111 0000 0000 0000 1111 1111 0000 0000 0000 1111 1111 0000 0000 0000 1111 1111 0000 0000 0000 1111 1111 0000 0000 0000 1111 1111 0000 0000 0000 1111 1111 0000 0000 0000 1111 1111 0000 0000 0000 1111 1111 0000 0000 0000 1111 1111 0000 0000 0000 1111 
47: 1111 0000 0002 0000 1111 1111 0000 0003 0000 1111 1111 0000 0002 0000 1111 1111 0000 0002 0000 1111 1111 0000 0003 0000 1111 1111 0000 0003 0000 1111 1111 0000 0003 0000 1111 1111 0000 0003 0000 1111 1111 0000 0002 0000 1111 1111 0000 0003 0000 1111 1111 0000 0002 0000 1111 1111 0000 0003 0000 1111 1111 0000 0002 0000 1111 1111 0000 0003 0000 1111 1111 0000 0002 0000 1111 1111 0000 0002 0000 1111 
46: 1111 0000 0000 0000 1111 1111 0000 0000 0000 1111 1111 0000 0000 0000 1111 1111 0000 0000 0000 1111 1111 0000 0000 0000 1111 1111 0000 0000 0000 1111 1111 0000 0000 0000 1111 1111 0000 0000 0000 1111 1111 0000 0000 0000 1111 1111 0000 0000 0000 1111 1111 0000 0000 0000 1111 1111 0000 0000 0000 1111 1111 0000 0000 0000 1111 1111 0000 0000 0000 1111 1111 0000 0000 0000 1111 1111 0000 0000 0000 1111 
45: 1111 1111 1111 1111 1111 1111 1111 1111 1111 1111 1111 1111 1111 1111 1111 1111 1111 1111 1111 1111 1111 1111 1111 1111 1111 1111 1111 1111 1111 1111 1111 1111 1111 1111 1111 1111 1111 1111 1111 1111 1111 1111 1111 1111 1111 1111 1111 1111 1111 1111 1111 1111 1111 1111 1111 1111 1111 1111 1111 1111 1111 1111 1111 1111 1111 1111 1111 1111 1111 1111 1111 1111 1111 1111 1111 1111 1111 1111 1111 1111 
44: 1111 1111 1111 1111 1111 1111 1111 1111 1111 1111 1111 1111 1111 1111 1111 1111 1111 1111 1111 1111 1111 1111 1111 1111 1111 1111 1111 1111 1111 1111 1111 1111 1111 1111 1111 1111 1111 1111 1111 1111 1111 1111 1111 1111 1111 1111 1111 1111 1111 1111 1111 1111 1111 1111 1111 1111 1111 1111 1111 1111 1111 1111 1111 1111 1111 1111 1111 1111 1111 1111 1111 1111 1111 1111 1111 1111 1111 1111 1111 1111 
43: 1111 0000 0000 0000 1111 1111 0000 0000 0000 1111 1111 0000 0000 0000 1111 1111 0000 0000 0000 1111 1111 0000 0000 0000 1111 1111 0000 0000 0000 1111 1111 0000 0000 0000 1111 1111 0000 0000 0000 1111 1111 0000 0000 0000 1111 1111 0000 0000 0000 1111 1111 0000 0000 0000 1111 1111 0000 0000 0000 1111 1111 0000 0000 0000 1111 1111 0000 0000 0000 1111 1111 0000 0000 0000 1111 1111 0000 0000 0000 1111 
42: 1111 0000 0003 0000 1111 1111 0000 0003 0000 1111 1111 0000 0003 0000 1111 1111 0000 0002 0000 1111 1111 0000 0003 0000 1111 1111 0000 0003 0000 1111 1111 0000 0002 0000 1111 1111 0000 0002 0000 1111 1111 0000 0002 0000 1111 1111 0000 0003 0000 1111 1111 0000 0003 0000 1111 1111 0000 0003 0000 1111 1111 0000 0003 0000 1111 1111 0000 0003 0000 1111 1111 0000 0002 0000 1111 1111 0000 0002 0000 1111 
41: 1111 0000 0000 0000 1111 1111 0000 0000 0000 1111 1111 0000 0000 0000 1111 1111 0000 0000 0000 1111 1111 0000 0000 0000 1111 1111 0000 0000 0000 1111 1111 0000 0000 0000 1111 1111 0000 0000 0000 1111 1111 0000 0000 0000 1111 1111 0000 0000 0000 1111 1111 0000 0000 0000 1111 1111 0000 0000 0000 1111 1111 0000 0000 0000 1111 1111 0000 0000 0000 1111 1111 0000 0000 0000 1111 1111 0000 0000 0000 1111 
40: 1111 1111 1111 1111 1111 1111 1111 1111 1111 1111 1111 1111 1111 1111 1111 1111 1111 1111 1111 1111 1111 1111 1111 1111 1111 1111 1111 1111 1111 1111 1111 1111 1111 1111 1111 1111 1111 1111 1111 1111 1111 1111 1111 1111 1111 1111 1111 1111 1111 1111 1111 1111 1111 1111 1111 1111 1111 1111 1111 1111 1111 1111 1111 1111 1111 1111 1111 1111 1111 1111 1111 1111 1111 1111 1111 1111 1111 1111 1111 1111 
39: 1111 1111 1111 1111 1111 1111 1111 1111 1111 1111 1111 1111 1111 1111 1111 1111 1111 1111 1111 1111 1111 1111 1111 1111 1111 1111 1111 1111 1111 1111 1111 1111 1111 1111 1111 1111 1111 1111 1111 1111 1111 1111 1111 1111 1111 1111 1111 1111 1111 1111 1111 1111 1111 1111 1111 1111 1111 1111 1111 1111 1111 1111 1111 1111 1111 1111 1111 1111 1111 1111 1111 1111 1111 1111 1111 1111 1111 1111 1111 1111 
38: 1111 0000 0000 0000 1111 1111 0000 0000 0000 1111 1111 0000 0000 0000 1111 1111 0000 0000 0000 1111 1111 0000 0000 0000 1111 1111 0000 0000 0000 1111 1111 0000 0000 0000 1111 1111 0000 0000 0000 1111 1111 0000 0000 0000 1111 1111 0000 0000 0000 1111 1111 0000 0000 0000 1111 1111 0000 0000 0000 1111 1111 0000 0000 0000 1111 1111 0000 0000 0000 1111 1111 0000 0000 0000 1111 1111 0000 0000 0000 1111 
37: 1111 0000 0003 0000 1111 1111 0000 0001 0000 1111 1111 0000 0002 0000 1111 1111 0000 0002 0000 1111 1111 0000 0002 0000 1111 1111 0000 0002 0000 1111 1111 0000 0002 0000 1111 1111 0000 0003 0000 1111 1111 0000 0001 0000 1111 1111 0000 0002 0000 1111 1111 0000 0003 0000 1111 1111 0000 0003 0000 1111 1111 0000 0003 0000 1111 1111 0000 0003 0000 1111 1111 0000 0001 0000 1111 1111 0000 0003 0000 1111 
36: 1111 0000 0000 0000 1111 1111 0000 0000 0000 1111 1111 0000 0000 0000 1111 1111 0000 0000 0000 1111 1111 0000 0000 0000 1111 1111 0000 0000 0000 1111 1111 0000 0000 0000 1111 1111 0000 0000 0000 1111 1111 0000 0000 0000 1111 1111 0000 0000 0000 1111 1111 0000 0000 0000 1111 1111 0000 0000 0000 1111 1111 0000 0000 0000 1111 1111 0000 0000 0000 1111 1111 0000 0000 0000 1111 1111 0000 0000 0000 1111 
35: 1111 1111 1111 1111 1111 1111 1111 1111 1111 1111 1111 1111 1111 1111 1111 1111 1111 1111 1111 1111 1111 1111 1111 1111 1111 1111 1111 1111 1111 1111 1111 1111 1111 1111 1111 1111 1111 1111 1111 1111 1111 1111 1111 1111 1111 1111 1111 1111 1111 1111 1111 1111 1111 1111 1111 1111 1111 1111 1111 1111 1111 1111 1111 1111 1111 1111 1111 1111 1111 1111 1111 1111 1111 1111 1111 1111 1111 1111 1111 1111 
34: 1111 1111 1111 1111 1111 1111 1111 1111 1111 1111 1111 1111 1111 1111 1111 1111 1111 1111 1111 1111 1111 1111 1111 1111 1111 1111 1111 1111 1111 1111 1111 1111 1111 1111 1111 1111 1111 1111 1111 1111 1111 1111 1111 1111 1111 1111 1111 1111 1111 1111 1111 1111 1111 1111 1111 1111 1111 1111 1111 1111 1111 1111 1111 1111 1111 1111 1111 1111 1111 1111 1111 1111 1111 1111 1111 1111 1111 1111 1111 1111 
33: 1111 0000 0000 0000 1111 1111 0000 0000 0000 1111 1111 0000 0000 0000 1111 1111 0000 0000 0000 1111 1111 0000 0000 0000 1111 1111 0000 0000 0000 1111 1111 0000 0000 0000 1111 1111 0000 0000 0000 1111 1111 0000 0000 0000 1111 1111 0000 0000 0000 1111 1111 0000 0000 0000 1111 1111 0000 0000 0000 1111 1111 0000 0000 0000 1111 1111 0000 0000 0000 1111 1111 0000 0000 0000 1111 1111 0000 0000 0000 1111 
32: 1111 0000 0003 0000 1111 1111 0000 0003 0000 1111 1111 0000 0003 0000 1111 1111 0000 0003 0000 1111 1111 0000 0003 0000 1111 1111 0000 0003 0000 1111 1111 0000 0002 0000 1111 1111 0000 0003 0000 1111 1111 0000 0003 0000 1111 1111 0000 0003 0000 1111 1111 0000 0002 0000 1111 1111 0000 0003 0000 1111 1111 0000 0002 0000 1111 1111 0000 0003 0000 1111 1111 0000 0002 0000 1111 1111 0000 0003 0000 1111 
31: 1111 0000 0000 0000 1111 1111 0000 0000 0000 1111 1111 0000 0000 0000 1111 1111 0000 0000 0000 1111 1111 0000 0000 0000 1111 1111 0000 0000 0000 1111 1111 0000 0000 0000 1111 1111 0000 0000 0000 1111 1111 0000 0000 0000 1111 1111 0000 0000 0000 1111 1111 0000 0000 0000 1111 1111 0000 0000 0000 1111 1111 0000 0000 0000 1111 1111 0000 0000 0000 1111 1111 0000 0000 0000 1111 1111 0000 0000 0000 1111 
30: 1111 1111 1111 1111 1111 1111 1111 1111 1111 1111 1111 1111 1111 1111 1111 1111 1111 1111 1111 1111 1111 1111 1111 1111 1111 1111 1111 1111 1111 1111 1111 1111 1111 1111 1111 1111 1111 1111 1111 1111 1111 1111 1111 1111 1111 1111 1111 1111 1111 1111 1111 1111 1111 1111 1111 1111 1111 1111 1111 1111 1111 1111 1111 1111 1111 1111 1111 1111 1111 1111 1111 1111 1111 1111 1111 1111 1111 1111 1111 1111 
29: 1111 1111 1111 1111 1111 1111 1111 1111 1111 1111 1111 1111 1111 1111 1111 1111 1111 1111 1111 1111 1111 1111 1111 1111 1111 1111 1111 1111 1111 1111 1111 1111 1111 1111 1111 1111 1111 1111 1111 1111 1111 1111 1111 1111 1111 1111 1111 1111 1111 1111 1111 1111 1111 1111 1111 1111 1111 1111 1111 1111 1111 1111 1111 1111 1111 1111 1111 1111 1111 1111 1111 1111 1111 1111 1111 1111 1111 1111 1111 1111 
28: 1111 0000 0000 0000 1111 1111 0000 0000 0000 1111 1111 0000 0000 0000 1111 1111 0000 0000 0000 1111 1111 0000 0000 0000 1111 1111 0000 0000 0000 1111 1111 0000 0000 0000 1111 1111 0000 0000 0000 1111 1111 0000 0000 0000 1111 1111 0000 0000 0000 1111 1111 0000 0000 0000 1111 1111 0000 0000 0000 1111 1111 0000 0000 0000 1111 1111 0000 0000 0000 1111 1111 0000 0000 0000 1111 1111 0000 0000 0000 1111 
27: 1111 0000 0003 0000 1111 1111 0000 0003 0000 1111 1111 0000 0002 0000 1111 1111 0000 0001 0000 1111 1111 0000 0003 0000 1111 1111 0000 0003 0000 1111 1111 0000 0002 0000 1111 1111 0000 0002 0000 1111 1111 0000 0003 0000 1111 1111 0000 0002 0000 1111 1111 0000 0003 0000 1111 1111 0000 0001 0000 1111 1111 0000 0002 0000 1111 1111 0000 0002 0000 1111 1111 0000 0002 0000 1111 1111 0000 0003 0000 1111 
26: 1111 0000 0000 0000 1111 1111 0000 0000 0000 1111 1111 0000 0000 0000 1111 1111 0000 0000 0000 1111 1111 0000 0000 0000 1111 1111 0000 0000 0000 1111 1111 0000 0000 0000 1111 1111 0000 0000 0000 1111 1111 0000 0000 0000 1111 1111 0000 0000 0000 1111 1111 0000 0000 0000 1111 1111 0000 0000 0000 1111 1111 0000 0000 0000 1111 1111 0000 0000 0000 1111 1111 0000 0000 0000 1111 1111 0000 0000 0000 1111 
25: 1111 1111 1111 1111 1111 1111 1111 1111 1111 1111 1111 1111 1111 1111 1111 1111 1111 1111 1111 1111 1111 1111 1111 1111 1111 1111 1111 1111 1111 1111 1111 1111 1111 1111 1111 1111 1111 1111 1111 1111 1111 1111 1111 1111 1111 1111 1111 1111 1111 1111 1111 1111 1111 1111 1111 1111 1111 1111 1111 1111 1111 1111 1111 1111 1111 1111 1111 1111 1111 1111 1111 1111 1111 1111 1111 1111 1111 1111 1111 1111 
24: 1111 1111 1111 1111 1111 1111 1111 1111 1111 1111 1111 1111 1111 1111 1111 1111 1111 1111 1111 1111 1111 1111 1111 1111 1111 1111 1111 1111 1111 1111 1111 1111 1111 1111 1111 1111 1111 1111 1111 1111 1111 1111 1111 1111 1111 1111 1111 1111 1111 1111 1111 1111 1111 1111 1111 1111 1111 1111 1111 1111 1111 1111 1111 1111 1111 1111 1111 1111 1111 1111 1111 1111 1111 1111 1111 1111 1111 1111 1111 1111 
23: 1111 0000 0000 0000 1111 1111 0000 0000 0000 1111 1111 0000 0000 0000 1111 1111 0000 0000 0000 1111 1111 0000 0000 0000 1111 1111 0000 0000 0000 1111 1111 0000 0000 0000 1111 1111 0000 0000 0000 1111 1111 0000 0000 0000 1111 1111 0000 0000 0000 1111 1111 0000 0000 0000 1111 1111 0000 0000 0000 1111 1111 0000 0000 0000 1111 1111 0000 0000 0000 1111 1111 0000 0000 0000 1111 1111 0000 0000 0000 1111 
22: 1111 0000 0002 0000 1111 1111 0000 0003 0000 1111 1111 0000 0003 0000 1111 1111 0000 0003 0000 1111 1111 0000 0003 0000 1111 1111 0000 0003 0000 1111 1111 0000 0003 0000 1111 1111 0000 0003 0000 1111 1111 0000 0003 0000 1111 1111 0000 0003 0000 1111 1111 0000 0003 0000 1111 1111 0000 0002 0000 1111 1111 0000 0003 0000 1111 1111 0000 0001 0000 1111 1111 0000 0002 0000 1111 1111 0000 0001 0000 1111 
21: 1111 0000 0000 0000 1111 1111 0000 0000 0000 1111 1111 0000 0000 0000 1111 1111 0000 0000 0000 1111 1111 0000 0000 0000 1111 1111 0000 0000 0000 1111 1111 0000 0000 0000 1111 1111 0000 0000 0000 1111 1111 0000 0000 0000 1111 1111 0000 0000 0000 1111 1111 0000 0000 0000 1111 1111 0000 0000 0000 1111 1111 0000 0000 0000 1111 1111 0000 0000 0000 1111 1111 0000 0000 0000 1111 1111 0000 0000 0000 1111 
20: 1111 1111 1111 1111 1111 1111 1111 1111 1111 1111 1111 1111 1111 1111 1111 1111 1111 1111 1111 1111 1111 1111 1111 1111 1111 1111 1111 1111 1111 1111 1111 1111 1111 1111 1111 1111 1111 1111 1111 1111 1111 1111 1111 1111 1111 1111 1111 1111 1111 1111 1111 1111 1111 1111 1111 1111 1111 1111 1111 1111 1111 1111 1111 1111 1111 1111 1111 1111 1111 1111 1111 1111 1111 1111 1111 1111 1111 1111 1111 1111 
19: 1111 1111 1111 1111 1111 1111 1111 1111 1111 1111 1111 1111 1111 1111 1111 1111 1111 1111 1111 1111 1111 1111 1111 1111 1111 1111 1111 1111 1111 1111 1111 1111 1111 1111 1111 1111 1111 1111 1111 1111 1111 1111 1111 1111 1111 1111 1111 1111 1111 1111 1111 1111 1111 1111 1111 1111 1111 1111 1111 1111 1111 1111 1111 1111 1111 1111 1111 1111 1111 1111 1111 1111 1111 1111 1111 1111 1111 1111 1111 1111 
18: 1111 0000 0000 0000 1111 1111 0000 0000 0000 1111 1111 0000 0000 0000 1111 1111 0000 0000 0000 1111 1111 0000 0000 0000 1111 1111 0000 0000 0000 1111 1111 0000 0000 0000 1111 1111 0000 0000 0000 1111 1111 0000 0000 0000 1111 1111 0000 0000 0000 1111 1111 0000 0000 0000 1111 1111 0000 0000 0000 1111 1111 0000 0000 0000 1111 1111 0000 0000 0000 1111 1111 0000 0000 0000 1111 1111 0000 0000 0000 1111 
17: 1111 0000 0002 0000 1111 1111 0000 0003 0000 1111 1111 0000 0002 0000 1111 1111 0000 0003 0000 1111 1111 0000 0003 0000 1111 1111 0000 0001 0000 1111 1111 0000 0002 0000 1111 1111 0000 0003 0000 1111 1111 0000 0001 0000 1111 1111 0000 0002 0000 1111 1111 0000 0001 0000 1111 1111 0000 0003 0000 1111 1111 0000 0003 0000 1111 1111 0000 0001 0000 1111 1111 0000 0002 0000 1111 1111 0000 0003 0000 1111 
16: 1111 0000 0000 0000 1111 1111 0000 0000 0000 1111 1111 0000 0000 0000 1111 1111 0000 0000 0000 1111 1111 0000 0000 0000 1111 1111 0000 0000 0000 1111 1111 0000 0000 0000 1111 1111 0000 0000 0000 1111 1111 0000 0000 0000 1111 1111 0000 0000 0000 1111 1111 0000 0000 0000 1111 1111 0000 0000 0000 1111 1111 0000 0000 0000 1111 1111 0000 0000 0000 1111 1111 0000 0000 0000 1111 1111 0000 0000 0000 1111 
15: 1111 1111 1111 1111 1111 1111 1111 1111 1111 1111 1111 1111 1111 1111 1111 1111 1111 1111 1111 1111 1111 1111 1111 1111 1111 1111 1111 1111 1111 1111 1111 1111 1111 1111 1111 1111 1111 1111 1111 1111 1111 1111 1111 1111 1111 1111 1111 1111 1111 1111 1111 1111 1111 1111 1111 1111 1111 1111 1111 1111 1111 1111 1111 1111 1111 1111 1111 1111 1111 1111 1111 1111 1111 1111 1111 1111 1111 1111 1111 1111 
14: 1111 1111 1111 1111 1111 1111 1111 1111 1111 1111 1111 1111 1111 1111 1111 1111 1111 1111 1111 1111 1111 1111 1111 1111 1111 1111 1111 1111 1111 1111 1111 1111 1111 1111 1111 1111 1111 1111 1111 1111 1111 1111 1111 1111 1111 1111 1111 1111 1111 1111 1111 1111 1111 1111 1111 1111 1111 1111 1111 1111 1111 1111 1111 1111 1111 1111 1111 1111 1111 1111 1111 1111 1111 1111 1111 1111 1111 1111 1111 1111 
13: 1111 0000 0000 0000 1111 1111 0000 0000 0000 1111 1111 0000 0000 0000 1111 1111 0000 0000 0000 1111 1111 0000 0000 0000 1111 1111 0000 0000 0000 1111 1111 0000 0000 0000 1111 1111 0000 0000 0000 1111 1111 0000 0000 0000 1111 1111 0000 0000 0000 1111 1111 0000 0000 0000 1111 1111 0000 0000 0000 1111 1111 0000 0000 0000 1111 1111 0000 0000 0000 1111 1111 0000 0000 0000 1111 1111 0000 0000 0000 1111 
12: 1111 0000 0002 0000 1111 1111 0000 0002 0000 1111 1111 0000 0001 0000 1111 1111 0000 0003 0000 1111 1111 0000 0003 0000 1111 1111 0000 0002 0000 1111 1111 0000 0002 0000 1111 1111 0000 0002 0000 1111 1111 0000 0003 0000 1111 1111 0000 0002 0000 1111 1111 0000 0003 0000 1111 1111 0000 0003 0000 1111 1111 0000 0002 0000 1111 1111 0000 0002 0000 1111 1111 0000 0003 0000 1111 1111 0000 0003 0000 1111 
11: 1111 0000 0000 0000 1111 1111 0000 0000 0000 1111 1111 0000 0000 0000 1111 1111 0000 0000 0000 1111 1111 0000 0000 0000 1111 1111 0000 0000 0000 1111 1111 0000 0000 0000 1111 1111 0000 0000 0000 1111 1111 0000 0000 0000 1111 1111 0000 0000 0000 1111 1111 0000 0000 0000 1111 1111 0000 0000 0000 1111 1111 0000 0000 0000 1111 1111 0000 0000 0000 1111 1111 0000 0000 0000 1111 1111 0000 0000 0000 1111 
10: 1111 1111 1111 1111 1111 1111 1111 1111 1111 1111 1111 1111 1111 1111 1111 1111 1111 1111 1111 1111 1111 1111 1111 1111 1111 1111 1111 1111 1111 1111 1111 1111 1111 1111 1111 1111 1111 1111 1111 1111 1111 1111 1111 1111 1111 1111 1111 1111 1111 1111 1111 1111 1111 1111 1111 1111 1111 1111 1111 1111 1111 1111 1111 1111 1111 1111 1111 1111 1111 1111 1111 1111 1111 1111 1111 1111 1111 1111 1111 1111 
09: 1111 1111 1111 1111 1111 1111 1111 1111 1111 1111 1111 1111 1111 1111 1111 1111 1111 1111 1111 1111 1111 1111 1111 1111 1111 1111 1111 1111 1111 1111 1111 1111 1111 1111 1111 1111 1111 1111 1111 1111 1111 1111 1111 1111 1111 1111 1111 1111 1111 1111 1111 1111 1111 1111 1111 1111 1111 1111 1111 1111 1111 1111 1111 1111 1111 1111 1111 1111 1111 1111 1111 1111 1111 1111 1111 1111 1111 1111 1111 1111 
08: 1111 0000 0000 0000 1111 1111 0000 0000 0000 1111 1111 0000 0000 0000 1111 1111 0000 0000 0000 1111 1111 0000 0000 0000 1111 1111 0000 0000 0000 1111 1111 0000 0000 0000 1111 1111 0000 0000 0000 1111 1111 0000 0000 0000 1111 1111 0000 0000 0000 1111 1111 0000 0000 0000 1111 1111 0000 0000 0000 1111 1111 0000 0000 0000 1111 1111 0000 0000 0000 1111 1111 0000 0000 0000 1111 1111 0000 0000 0000 1111 
07: 1111 0000 0001 0000 1111 1111 0000 0001 0000 1111 1111 0000 0001 0000 1111 1111 0000 0001 0000 1111 1111 0000 0002 0000 1111 1111 0000 0002 0000 1111 1111 0000 0002 0000 1111 1111 0000 0003 0000 1111 1111 0000 0001 0000 1111 1111 0000 0002 0000 1111 1111 0000 0002 0000 1111 1111 0000 0003 0000 1111 1111 0000 0003 0000 1111 1111 0000 0003 0000 1111 1111 0000 0003 0000 1111 1111 0000 0002 0000 1111 
06: 1111 0000 0000 0000 1111 1111 0000 0000 0000 1111 1111 0000 0000 0000 1111 1111 0000 0000 0000 1111 1111 0000 0000 0000 1111 1111 0000 0000 0000 1111 1111 0000 0000 0000 1111 1111 0000 0000 0000 1111 1111 0000 0000 0000 1111 1111 0000 0000 0000 1111 1111 0000 0000 0000 1111 1111 0000 0000 0000 1111 1111 0000 0000 0000 1111 1111 0000 0000 0000 1111 1111 0000 0000 0000 1111 1111 0000 0000 0000 1111 
05: 1111 1111 1111 1111 1111 1111 1111 1111 1111 1111 1111 1111 1111 1111 1111 1111 1111 1111 1111 1111 1111 1111 1111 1111 1111 1111 1111 1111 1111 1111 1111 1111 1111 1111 1111 1111 1111 1111 1111 1111 1111 1111 1111 1111 1111 1111 1111 1111 1111 1111 1111 1111 1111 1111 1111 1111 1111 1111 1111 1111 1111 1111 1111 1111 1111 1111 1111 1111 1111 1111 1111 1111 1111 1111 1111 1111 1111 1111 1111 1111 
04: 1111 1111 1111 1111 1111 1111 1111 1111 1111 1111 1111 1111 1111 1111 1111 1111 1111 1111 1111 1111 1111 1111 1111 1111 1111 1111 1111 1111 1111 1111 1111 1111 1111 1111 1111 1111 1111 1111 1111 1111 1111 1111 1111 1111 1111 1111 1111 1111 1111 1111 1111 1111 1111 1111 1111 1111 1111 1111 1111 1111 1111 1111 1111 1111 1111 1111 1111 1111 1111 1111 1111 1111 1111 1111 1111 1111 1111 1111 1111 1111 
03: 1111 0000 0000 0000 1111 1111 0000 0000 0000 1111 1111 0000 0000 0000 1111 1111 0000 0000 0000 1111 1111 0000 0000 0000 1111 1111 0000 0000 0000 1111 1111 0000 0000 0000 1111 1111 0000 0000 0000 1111 1111 0000 0000 0000 1111 1111 0000 0000 0000 1111 1111 0000 0000 0000 1111 1111 0000 0000 0000 1111 1111 0000 0000 0000 1111 1111 0000 0000 0000 1111 1111 0000 0000 0000 1111 1111 0000 0000 0000 1111 
02: 1111 0000 0001 0000 1111 1111 0000 0001 0000 1111 1111 0000 0003 0000 1111 1111 0000 0001 0000 1111 1111 0000 0001 0000 1111 1111 0000 0001 0000 1111 1111 0000 0001 0000 1111 1111 0000 0001 0000 1111 1111 0000 0001 0000 1111 1111 0000 0001 0000 1111 1111 0000 0001 0000 1111 1111 0000 0001 0000 1111 1111 0000 0001 0000 1111 1111 0000 0001 0000 1111 1111 0000 0001 0000 1111 1111 0000 0001 0000 1111 
01: 1111 0000 0000 0000 1111 1111 0000 0000 0000 1111 1111 0000 0000 0000 1111 1111 0000 0000 0000 1111 1111 0000 0000 0000 1111 1111 0000 0000 0000 1111 1111 0000 0000 0000 1111 1111 0000 0000 0000 1111 1111 0000 0000 0000 1111 1111 0000 0000 0000 1111 1111 0000 0000 0000 1111 1111 0000 0000 0000 1111 1111 0000 0000 0000 1111 1111 0000 0000 0000 1111 1111 0000 0000 0000 1111 1111 0000 0000 0000 1111 
00: 1111 1111 1111 1111 1111 1111 1111 1111 1111 1111 1111 1111 1111 1111 1111 1111 1111 1111 1111 1111 1111 1111 1111 1111 1111 1111 1111 1111 1111 1111 1111 1111 1111 1111 1111 1111 1111 1111 1111 1111 1111 1111 1111 1111 1111 1111 1111 1111 1111 1111 1111 1111 1111 1111 1111 1111 1111 1111 1111 1111 1111 1111 1111 1111 1111 1111 1111 1111 1111 1111 1111 1111 1111 1111 1111 1111 1111 1111 1111 1111 
